{
 "cells": [
  {
   "cell_type": "code",
   "execution_count": 2,
   "metadata": {},
   "outputs": [],
   "source": [
    "%matplotlib inline\n",
    "import matplotlib.pyplot as plt\n",
    "import numpy as np\n",
    "from IPython.display import Image\n",
    "from qutip import *"
   ]
  },
  {
   "cell_type": "code",
   "execution_count": 45,
   "metadata": {},
   "outputs": [],
   "source": [
    "a = [1., 1., 1.]\n",
    "omega = [1., 1., 1.]\n",
    "\n",
    "h_hyp = a[0]*(tensor(tensor(sigmax(), qeye(2)), sigmax())) + a[1]*(tensor(tensor(sigmay(), qeye(2)), sigmay())) + a[2]*(tensor(tensor(sigmaz(), qeye(2)), sigmaz()))\n",
    "h_zeem = omega[0]*(tensor(tensor(qeye(2), sigmax()), qeye(2)) + tensor(tensor(qeye(2), qeye(2)), sigmax())) + omega[1]*(tensor(tensor(qeye(2), sigmay()), qeye(2)) + tensor(tensor(qeye(2), qeye(2)), sigmay())) + omega[2]*(tensor(tensor(qeye(2), sigmaz()), qeye(2)) + tensor(tensor(qeye(2), qeye(2)), sigmaz()))\n",
    "H = h_hyp + h_zeem\n",
    "psi_0 = 1/np.sqrt(2)*(basis(4, 2) - basis(4, 1))\n",
    "# print(psi_0)\n",
    "\n",
    "rho_0 = 0.5*tensor(qeye(2), tensor(psi_0,psi_0.dag()))\n",
    "\n",
    "p1 = Qobj([[0,0,0,0,0,0,0,0,0,0],[0,0,0,0,0,0,0,0,0,0],[0,0,0,0,0,0,0,0,0,0],[0,0,0,0,0,0,0,0,0,0],[0,0,0,0,0,0,0,0,0,0],[0,0,0,0,0,0,0,0,0,0],[0,0,0,0,0,0,0,0,0,0],[0,0,0,0,0,0,0,0,0,0],[0,1,-1,0,0,0,0,0,0,0],[0,0,0,0,0,0,0,0,0,0]])\n",
    "p2 = Qobj([[0,0,0,0,0,0,0,0,0,0],[0,0,0,0,0,0,0,0,0,0],[0,0,0,0,0,0,0,0,0,0],[0,0,0,0,0,0,0,0,0,0],[0,0,0,0,0,0,0,0,0,0],[0,0,0,0,0,0,0,0,0,0],[0,0,0,0,0,0,0,0,0,0],[0,0,0,0,0,0,0,0,0,0],[0,0,0,0,0,1,-1,0,0,0],[0,0,0,0,0,0,0,0,0,0]])\n",
    "p3 = Qobj([[0,0,0,0,0,0,0,0,0,0],[0,0,0,0,0,0,0,0,0,0],[0,0,0,0,0,0,0,0,0,0],[0,0,0,0,0,0,0,0,0,0],[0,0,0,0,0,0,0,0,0,0],[0,0,0,0,0,0,0,0,0,0],[0,0,0,0,0,0,0,0,0,0],[0,0,0,0,0,0,0,0,0,0],[0,0,0,0,0,0,0,0,0,0],[0,1,1,0,0,0,0,0,0,0]])\n",
    "p4 = Qobj([[0,0,0,0,0,0,0,0,0,0],[0,0,0,0,0,0,0,0,0,0],[0,0,0,0,0,0,0,0,0,0],[0,0,0,0,0,0,0,0,0,0],[0,0,0,0,0,0,0,0,0,0],[0,0,0,0,0,0,0,0,0,0],[0,0,0,0,0,0,0,0,0,0],[0,0,0,0,0,0,0,0,0,0],[0,0,0,0,0,0,0,0,0,0],[0,0,0,0,0,1,1,0,0,0]])\n",
    "p5 = Qobj([[0,0,0,0,0,0,0,0,0,0],[0,0,0,0,0,0,0,0,0,0],[0,0,0,0,0,0,0,0,0,0],[0,0,0,0,0,0,0,0,0,0],[0,0,0,0,0,0,0,0,0,0],[0,0,0,0,0,0,0,0,0,0],[0,0,0,0,0,0,0,0,0,0],[0,0,0,0,0,0,0,0,0,0],[0,0,0,0,0,0,0,0,0,0],[1,0,0,0,0,0,0,0,0,0]])\n",
    "p6 = Qobj([[0,0,0,0,0,0,0,0,0,0],[0,0,0,0,0,0,0,0,0,0],[0,0,0,0,0,0,0,0,0,0],[0,0,0,0,0,0,0,0,0,0],[0,0,0,0,0,0,0,0,0,0],[0,0,0,0,0,0,0,0,0,0],[0,0,0,0,0,0,0,0,0,0],[0,0,0,0,0,0,0,0,0,0],[0,0,0,0,0,0,0,0,0,0],[0,0,0,1,0,0,0,0,0,0]])\n",
    "p7 = Qobj([[0,0,0,0,0,0,0,0,0,0],[0,0,0,0,0,0,0,0,0,0],[0,0,0,0,0,0,0,0,0,0],[0,0,0,0,0,0,0,0,0,0],[0,0,0,0,0,0,0,0,0,0],[0,0,0,0,0,0,0,0,0,0],[0,0,0,0,0,0,0,0,0,0],[0,0,0,0,0,0,0,0,0,0],[0,0,0,0,0,0,0,0,0,0],[0,0,0,0,1,0,0,0,0,0]])\n",
    "p8 = Qobj([[0,0,0,0,0,0,0,0,0,0],[0,0,0,0,0,0,0,0,0,0],[0,0,0,0,0,0,0,0,0,0],[0,0,0,0,0,0,0,0,0,0],[0,0,0,0,0,0,0,0,0,0],[0,0,0,0,0,0,0,0,0,0],[0,0,0,0,0,0,0,0,0,0],[0,0,0,0,0,0,0,0,0,0],[0,0,0,0,0,0,0,0,0,0],[0,0,0,0,0,0,0,1,0,0]])\n",
    "\n",
    "# print(p1)\n",
    "# print(p2)\n",
    "# print(p3)\n",
    "# print(p4)\n",
    "# print(p5)\n",
    "# print(p6)\n",
    "# print(p7)\n",
    "# print(p8)\n",
    "tlist = np.linspace(0, 10, 100)\n",
    "result = mesolve(H, rho_0, tlist, [], [])"
   ]
  },
  {
   "cell_type": "code",
   "execution_count": 46,
   "metadata": {},
   "outputs": [
    {
     "data": {
      "text/latex": [
       "Quantum object: dims = [[2, 4, 1], [2, 1, 4]], shape = (8, 8), type = oper, isherm = True\\begin{equation*}\\left(\\begin{array}{*{11}c}0.077 & (-0.016+0.062j) & (-0.040+0.104j) & (0.014+0.035j) & (-0.046-0.064j) & (0.049-0.025j) & (-0.062+0.018j) & (-0.025-0.025j)\\\\(-0.016-0.062j) & 0.123 & (0.064+0.016j) & (0.094+0.035j) & (-0.042-0.032j) & (-0.093+0.010j) & (0.056+0.069j) & (0.062+0.067j)\\\\(-0.040-0.104j) & (0.064-0.016j) & 0.173 & (0.016-0.062j) & (-0.068+0.128j) & (-0.031-0.066j) & (0.046+0.064j) & (-0.049+0.025j)\\\\(0.014-0.035j) & (0.094-0.035j) & (0.016+0.062j) & 0.127 & (-0.099-0.072j) & (-0.031+0.065j) & (0.042+0.032j) & (0.093-0.010j)\\\\(-0.046+0.064j) & (-0.042+0.032j) & (-0.068-0.128j) & (-0.099+0.072j) & 0.177 & (-0.060-0.018j) & (-0.004-0.029j) & (-0.014+0.085j)\\\\(0.049+0.025j) & (-0.093-0.010j) & (-0.031+0.066j) & (-0.031-0.065j) & (-0.060+0.018j) & 0.123 & (-0.057-0.047j) & (-0.050-0.110j)\\\\(-0.062-0.018j) & (0.056-0.069j) & (0.046-0.064j) & (0.042-0.032j) & (-0.004+0.029j) & (-0.057+0.047j) & 0.073 & (0.060+0.018j)\\\\(-0.025+0.025j) & (0.062-0.067j) & (-0.049-0.025j) & (0.093+0.010j) & (-0.014-0.085j) & (-0.050+0.110j) & (0.060-0.018j) & 0.127\\\\\\end{array}\\right)\\end{equation*}"
      ],
      "text/plain": [
       "Quantum object: dims = [[2, 4, 1], [2, 1, 4]], shape = (8, 8), type = oper, isherm = True\n",
       "Qobj data =\n",
       "[[ 0.07730595+6.92553171e-17j -0.0157559 +6.22296051e-02j\n",
       "  -0.04030315+1.04192187e-01j  0.01384051+3.48443586e-02j\n",
       "  -0.04617227-6.41904633e-02j  0.04852925-2.49253793e-02j\n",
       "  -0.06236976+1.75362114e-02j -0.02492538-2.49253793e-02j]\n",
       " [-0.0157559 -6.22296051e-02j  0.12323845-1.09826895e-17j\n",
       "   0.06439804+1.56787409e-02j  0.09436379+3.47916300e-02j\n",
       "  -0.04226401-3.15747973e-02j -0.09281155+1.01298279e-02j\n",
       "   0.05566015+6.90793696e-02j  0.06236976+6.73869701e-02j]\n",
       " [-0.04030315-1.04192187e-01j  0.06439804-1.56787409e-02j\n",
       "   0.17269405-5.84413685e-18j  0.0157559 -6.22296051e-02j\n",
       "  -0.06767137+1.28097023e-01j -0.03119062-6.58678845e-02j\n",
       "   0.04617227+6.41904633e-02j -0.04852925+2.49253793e-02j]\n",
       " [ 0.01384051-3.48443586e-02j  0.09436379-3.47916300e-02j\n",
       "   0.0157559 +6.22296051e-02j  0.12676155+3.38674025e-18j\n",
       "  -0.09924567-7.15646528e-02j -0.03123983+6.49474289e-02j\n",
       "   0.04226401+3.15747973e-02j  0.09281155-1.01298279e-02j]\n",
       " [-0.04617227+6.41904633e-02j -0.04226401+3.15747973e-02j\n",
       "  -0.06767137-1.28097023e-01j -0.09924567+7.15646528e-02j\n",
       "   0.17661231-1.45887775e-18j -0.05990989-1.83559236e-02j\n",
       "  -0.00357053-2.85263926e-02j -0.01384051+8.46951173e-02j]\n",
       " [ 0.04852925+2.49253793e-02j -0.09281155-1.01298279e-02j\n",
       "  -0.03119062+6.58678845e-02j -0.03123983-6.49474289e-02j\n",
       "  -0.05990989+1.83559236e-02j  0.12284329-2.40947645e-17j\n",
       "  -0.05656152-4.74708536e-02j -0.05049011-1.10457424e-01j]\n",
       " [-0.06236976-1.75362114e-02j  0.05566015-6.90793696e-02j\n",
       "   0.04617227-6.41904633e-02j  0.04226401-3.15747973e-02j\n",
       "  -0.00357053+2.85263926e-02j -0.05656152+4.74708536e-02j\n",
       "   0.07338769-2.69932687e-17j  0.05990989+1.83559236e-02j]\n",
       " [-0.02492538+2.49253793e-02j  0.06236976-6.73869701e-02j\n",
       "  -0.04852925-2.49253793e-02j  0.09281155+1.01298279e-02j\n",
       "  -0.01384051-8.46951173e-02j -0.05049011+1.10457424e-01j\n",
       "   0.05990989-1.83559236e-02j  0.12715671+2.30446646e-18j]]"
      ]
     },
     "execution_count": 46,
     "metadata": {},
     "output_type": "execute_result"
    }
   ],
   "source": [
    "result.states[-1]"
   ]
  },
  {
   "cell_type": "code",
   "execution_count": null,
   "metadata": {},
   "outputs": [],
   "source": []
  }
 ],
 "metadata": {
  "kernelspec": {
   "display_name": "Python 3",
   "language": "python",
   "name": "python3"
  },
  "language_info": {
   "codemirror_mode": {
    "name": "ipython",
    "version": 3
   },
   "file_extension": ".py",
   "mimetype": "text/x-python",
   "name": "python",
   "nbconvert_exporter": "python",
   "pygments_lexer": "ipython3",
   "version": "3.7.0"
  }
 },
 "nbformat": 4,
 "nbformat_minor": 4
}
